{
  "soundType": 0,
  "attackTime": 0.010000000000000002,
  "decayTime": 0.13999999999999985,
  "susPercent": 0.11299999999999993,
  "releaseTime": 0.19300000000000006,
  "adsrmulti": 1,
  "attackLevel": 0.13999999999999999,
  "releaseLevel": 0,
  "osc1Detune": 0,
  "osc1Wave": 3,
  "osc2Detune": 0,
  "osc2Wave": 3,
  "osc3Amount": 0,
  "osc3Wave": 0,
  "oscMix": 0.08,
  "oscRamp": 0,
  "noiseType": "white",
  "LFO1Freq": 0.01,
  "LFO1Amount": 0,
  "LFO1Wave": 0,
  "LFO1Binder": 0,
  "LFO2Freq": 0.01,
  "LFO2Amount": 0,
  "LFO2Wave": 0,
  "LFO2Binder": 0,
  "filterFreq": 518,
  "filterRes": 14,
  "filterType": 1,
  "distortionAmount": 0,
  "distortionSampling": 0,
  "delayTime": 0.29300000000000015,
  "delayFeedback": 0.7879999999999999,
  "delayFilterFreq": 2170,
  "sampleStart": 0,
  "sampleStop": 1,
  "sampleTune": 0,
  "sampleDecay": 0
}
