{
  "soundType": 0,
  "attackTime": 0.004,
  "decayTime": 0.2,
  "susPercent": 0.14299999999999996,
  "releaseTime": 0.3049999999999998,
  "attackLevel": 1,
  "releaseLevel": 0,
  "osc1Detune": 0,
  "osc1Wave": 0,
  "osc2Detune": 0,
  "osc2Wave": 3,
  "osc3Amount": 0.011000000000000003,
  "osc3Wave": 1,
  "oscMix": 0.26,
  "oscRamp": 0,
  "noiseType": "white",
  "LFO1Freq": 0.01,
  "LFO1Amount": 0,
  "LFO1Wave": 0,
  "LFO1Binder": 0,
  "LFO2Freq": 14.140000000000017,
  "LFO2Amount": -1.9999999999999856,
  "LFO2Wave": 1,
  "LFO2Binder": 1,
  "filterFreq": 7180,
  "filterRes": 0,
  "filterType": 1,
  "distortionAmount": 0,
  "distortionSampling": 0,
  "delayTime": 0.16500000000000004,
  "delayFeedback": 0.10700000000000003,
  "delayFilterFreq": 0,
  "sampleStart": 0,
  "sampleStop": 1,
  "sampleTune": 0,
  "sampleDecay": 0
}
