{
  "soundType": 0,
  "attackTime": 1,
  "decayTime": 0.2949999999999994,
  "susPercent": 0.23300000000000004,
  "releaseTime": 0.9610000000000002,
  "attackLevel": 0.24000000000000005,
  "releaseLevel": 0,
  "osc1Detune": -0.6,
  "osc1Wave": 0,
  "osc2Detune": 0.5,
  "osc2Wave": 1,
  "osc3Amount": 0.08600000000000002,
  "osc3Wave": 0,
  "oscMix": 0.5199999999999996,
  "oscRamp": 0.02,
  "noiseType": "white",
  "LFO1Freq": 7.4399999999999915,
  "LFO1Amount": 100,
  "LFO1Wave": 0,
  "LFO1Binder": 2,
  "LFO2Freq": 6.890000000000001,
  "LFO2Amount": 1.7000000000000002,
  "LFO2Wave": 0,
  "LFO2Binder": 1,
  "filterFreq": 1980,
  "filterRes": 21,
  "filterType": 1,
  "distortionAmount": 0,
  "distortionSampling": 0,
  "delayTime": 0.21999999999999997,
  "delayFeedback": 0.2860000000000001,
  "delayFilterFreq": 0,
  "sampleStart": 0,
  "sampleStop": 1,
  "sampleTune": 0,
  "sampleDecay": 0
}
